u(i) and U(i) for i between 1 and 128
1       1       0
4       5       1
4       9       10
12      21      11
4       25      100
12      37      101
12      49      110
36      85      111
4       89      1000
12      101     1001
12      113     1010
36      149     1011
12      161     1100
36      197     1101
36      233     1110
108     341     1111
4       345     10000
12      357     10001
12      369     10010
36      405     10011
12      417     10100
36      453     10101
36      489     10110
108     597     10111
12      609     11000
36      645     11001
36      681     11010
108     789     11011
36      825     11100
108     933     11101
108     1041    11110
324     1365    11111
4       1369    100000
12      1381    100001
12      1393    100010
36      1429    100011
12      1441    100100
36      1477    100101
36      1513    100110
108     1621    100111
12      1633    101000
36      1669    101001
36      1705    101010
108     1813    101011
36      1849    101100
108     1957    101101
108     2065    101110
324     2389    101111
12      2401    110000
36      2437    110001
36      2473    110010
108     2581    110011
36      2617    110100
108     2725    110101
108     2833    110110
324     3157    110111
36      3193    111000
108     3301    111001
108     3409    111010
324     3733    111011
108     3841    111100
324     4165    111101
324     4489    111110
972     5461    111111
4       5465    1000000
12      5477    1000001
12      5489    1000010
36      5525    1000011
12      5537    1000100
36      5573    1000101
36      5609    1000110
108     5717    1000111
12      5729    1001000
36      5765    1001001
36      5801    1001010
108     5909    1001011
36      5945    1001100
108     6053    1001101
108     6161    1001110
324     6485    1001111
12      6497    1010000
36      6533    1010001
36      6569    1010010
108     6677    1010011
36      6713    1010100
108     6821    1010101
108     6929    1010110
324     7253    1010111
36      7289    1011000
108     7397    1011001
108     7505    1011010
324     7829    1011011
108     7937    1011100
324     8261    1011101
324     8585    1011110
972     9557    1011111
12      9569    1100000
36      9605    1100001
36      9641    1100010
108     9749    1100011
36      9785    1100100
108     9893    1100101
108     10001   1100110
324     10325   1100111
36      10361   1101000
108     10469   1101001
108     10577   1101010
324     10901   1101011
108     11009   1101100
324     11333   1101101
324     11657   1101110
972     12629   1101111
36      12665   1110000
108     12773   1110001
108     12881   1110010
324     13205   1110011
108     13313   1110100
324     13637   1110101
324     13961   1110110
972     14933   1110111
108     15041   1111000
324     15365   1111001
324     15689   1111010
972     16661   1111011
324     16985   1111100
972     17957   1111101
972     18929   1111110
2916    21845   1111111
4       21849   10000000
